~release_id~release_name~date
200~200~CBOE Market Statistics~2020-10-15
221~221~Chicago Fed National Financial Conditions Index~2020-10-15
441~441~Coinbase Cryptocurrencies~2020-10-15
86~86~Commercial Paper~2020-10-15
72~72~Daily Treasury Inflation-Indexed Securities~2020-10-15
279~279~Economic Policy Uncertainty~2020-10-15
321~321~Empire State Manufacturing Survey~2020-10-15
378~378~Federal Funds Data~2020-10-15
370~370~Financial Access Survey~2020-10-15
101~101~FOMC Press Release~2020-10-15
316~316~G.20 Finance Companies~2020-10-15
18~18~H.15 Selected Interest Rates~2020-10-15
20~20~H.4.1 Factors Affecting Reserve Balances~2020-10-15
21~21~H.6 Money Stock Measures~2020-10-15
209~209~ICE BofA Indices~2020-10-15
185~185~Interest on Required Balances and Excess Balances~2020-10-15
304~304~Interest Rate Spreads~2020-10-15
63~63~M2 Related Series~2020-10-15
351~351~Manufacturing Business Outlook Survey~2020-10-15
61~61~Money Zero Maturity (MZM)~2020-10-15
427~427~Moody's Daily Corporate Bond Yield Averages~2020-10-15
328~328~NASDAQ~2020-10-15
342~342~Natural Gas Spot and Futures Prices (NYMEX)~2020-10-15
287~287~Nikkei Indexes~2020-10-15
473~473~Optimal Blue Mortgage Market Indices~2020-10-15
375~375~Overnight Bank Funding Rate Data~2020-10-15
190~190~Primary Mortgage Market Survey~2020-10-15
242~242~Recession Indicators Series~2020-10-15
445~445~Secured Overnight Financing Rate Data~2020-10-15
212~212~Spot Prices~2020-10-15
187~187~St. Louis Fed Financial Stress Index~2020-10-15
379~379~Temporary Open Market Operations~2020-10-15
339~339~Transportation Services Index (TSI)~2020-10-15
180~180~Unemployment Insurance Weekly Claims Report~2020-10-15
188~188~U.S. Import and Export Price Indexes~2020-10-15
349~349~U.S. Transportation Data~2020-10-15
468~468~Weekly Business Formation Statistics~2020-10-15
465~465~Weekly Economic Index (Lewis-Mertens-Stock)~2020-10-15
196~196~Wilshire Indexes~2020-10-15
